nint2e = 139627
nrprime = 39
nrprimn = 38
nrensp = 4
rmin = 0.944863
dr = 0.1889261