nint2e = 133169
nrprime = 39
nrprimn = 32
nrensp = 4
rmin = 0.344863
dr = 0.2889261