nint2e = 144241
nrprime = 40
nrprimn = 64
nrensp = 4
rmin = 12.344863
dr = 0.1889261