nint2e = 325244
nrprime = 48
nrprimn = 38
nrensp = 4
rmin = 0.944863
dr = 0.1889261