nint2e = 48822
nrprime = 30
nrprimn = 38
nrensp = 4
rmin = 0.944863
dr = 0.1889261