nint2e = 67249
nrprime = 40
nrprimn = 38
nrensp = 4
rmin = 0.944863
dr = 0.1889261