nint2e = 5368
nrprime = 16
nrprimn = 38
nrensp = 4
rmin = 0.944863
dr = 0.1889261