nint2e = 2763
nrprime = 17
nrprimn = 128
nrensp = 4
rmin = 0.68030135
dr = 0.01889726