nint2e = 48789
nrprime = 30
nrprimn = 38
nrensp = 4
rmin = 0.567011
dr = 0.1889261