nint2e = 934612
nrprime = 59
nrprimn = 38
nrensp = 4
rmin = 0.944863
dr = 0.1889261