nint2e = 115872
nrprime = 45
nrprimn = 78
nrensp = 4
rmin = 2.9101739
dr = 0.09448617