nint2e = 156860
nrprime = 48
nrprimn = 46
nrensp = 4
rmin = 2.834585
dr = 0.170075