nint2e = 1542950
nrprime = 72
nrprimn = 58
nrensp = 4
rmin = 0.944863
dr = 0.1889261