nint2e = 42893
nrprime = 29
nrprimn = 26
nrensp = 4
rmin = 0.944863
dr = 0.1889261