nint2e = 125272
nrprime = 38
nrprimn = 38
nrensp = 4
rmin = 0.755937
dr = 0.1889261