nint2e = 699581
nrprime = 59
nrprimn = 32
nrensp = 4
rmin = 0.344863
dr = 0.2889261