nint2e = 39513
nrprime = 24
nrprimn = 38
nrensp = 4
rmin = 0.944863
dr = 0.1889261