nint2e = 114279
nrprime = 37
nrprimn = 38
nrensp = 4
rmin = 0.567011
dr = 0.1889261