ndof = 1
nint2e = 62769
nrprime = 32
nrprimn = 38
nrensp = 4
rmin = 0.944863
dr = 0.1889261
