nint2e = 58101
nrprime = 31
nrprimn = 38
nrensp = 4
rmin = 0.755937
dr = 0.1889261