nint2e = 42941
nrprime = 29
nrprimn = 30
nrensp = 4
rmin = 0.567011
dr = 0.1889261